1,1,988.0,173.0,149.0,147.0,1,-1,-1,-1
1,2,587.0,140.0,89.0,133.0,1,-1,-1,-1
1,3,364.0,174.0,99.0,152.0,1,-1,-1,-1
1,4,102.0,363.0,137.0,175.0,1,-1,-1,-1
1,5,695.0,390.0,166.0,129.0,1,-1,-1,-1
1,6,743.0,381.0,172.0,122.0,1,-1,-1,-1
1,7,724.0,275.0,162.0,155.0,1,-1,-1,-1
1,8,517.0,199.0,108.0,170.0,1,-1,-1,-1
1,9,432.0,278.0,111.0,149.0,1,-1,-1,-1
1,10,273.0,306.0,132.0,207.0,1,-1,-1,-1
11,9,461.90765380859375,299.400634765625,91.2939453125,140.540283203125,1,-1,-1,-1
11,10,258.68572998046875,314.86767578125,57.9556884765625,180.89892578125,1,-1,-1,-1
11,4,72.89505004882812,382.2076416015625,94.041259765625,166.5679931640625,1,-1,-1,-1
11,8,488.11749267578125,201.78135681152344,53.9481201171875,150.61427307128906,1,-1,-1,-1
11,3,333.976318359375,178.2716064453125,52.68896484375,133.12750244140625,1,-1,-1,-1
11,1,1032.78515625,196.61181640625,87.089599609375,116.03436279296875,1,-1,-1,-1
11,2,571.6181640625,154.07293701171875,87.099609375,110.20327758789062,1,-1,-1,-1
11,5,742.0,380.0,127.0,134.0,1,-1,-1,-1
11,7,813.0,285.0,100.0,142.0,1,-1,-1,-1
11,6,807.0,357.0,163.0,128.0,1,-1,-1,-1
21,9,432.24755859375,311.1829528808594,117.7052001953125,146.65887451171875,1,-1,-1,-1
21,6,828.091796875,351.83984375,135.4061279296875,112.5010986328125,1,-1,-1,-1
21,4,0.37708282470703125,383.002197265625,67.94380950927734,171.67926025390625,1,-1,-1,-1
21,3,221.91177368164062,182.7613525390625,55.09918212890625,132.8685302734375,1,-1,-1,-1
21,10,134.694580078125,320.957763671875,69.86297607421875,174.3934326171875,1,-1,-1,-1
21,8,384.8914794921875,207.51199340820312,47.79058837890625,144.22802734375,1,-1,-1,-1
21,2,501.45867919921875,156.276123046875,73.6402587890625,116.88055419921875,1,-1,-1,-1
21,5,733.8255615234375,361.82171630859375,100.8321533203125,121.59796142578125,1,-1,-1,-1
21,7,793.9185180664062,284.96441650390625,98.25927734375,123.23828125,1,-1,-1,-1
21,1,1013.1728515625,197.38571166992188,81.114501953125,112.25018310546875,1,-1,-1,-1
31,9,353.4485778808594,315.87725830078125,118.3543701171875,150.9481201171875,1,-1,-1,-1
31,5,603.16064453125,349.30438232421875,109.771728515625,136.6812744140625,1,-1,-1,-1
31,7,732.868408203125,279.5252990722656,92.337158203125,123.69842529296875,1,-1,-1,-1
31,2,356.7332458496094,159.15792846679688,76.2149658203125,126.216064453125,1,-1,-1,-1
31,8,182.0213623046875,207.0897674560547,53.52825927734375,151.03504943847656,1,-1,-1,-1
31,1,933.5294189453125,200.02911376953125,72.52978515625,123.3074951171875,1,-1,-1,-1
31,3,35.20558166503906,188.87637329101562,40.991676330566406,134.699951171875,1,-1,-1,-1
31,6,771.0,335.0,242.0,145.0,1,-1,-1,-1
41,9,255.48544311523438,325.60125732421875,120.27227783203125,160.2080078125,1,-1,-1,-1
41,2,177.15194702148438,170.6350555419922,104.52786254882812,130.36427307128906,1,-1,-1,-1
41,7,653.7450561523438,267.619140625,71.400146484375,142.1982421875,1,-1,-1,-1
41,1,849.1289672851562,204.91429138183594,42.3526611328125,131.92555236816406,1,-1,-1,-1
41,6,785.6348876953125,339.8939208984375,76.64306640625,123.9947509765625,1,-1,-1,-1
41,5,466.31085205078125,334.16644287109375,120.573486328125,145.65478515625,1,-1,-1,-1
51,9,171.27609252929688,336.43109130859375,137.45547485351562,164.2669677734375,1,-1,-1,-1
51,5,357.5736083984375,331.79278564453125,110.3148193359375,154.28643798828125,1,-1,-1,-1
51,6,728.375,327.30108642578125,139.0096435546875,141.70849609375,1,-1,-1,-1
51,7,589.2743530273438,260.01458740234375,63.763671875,138.6534423828125,1,-1,-1,-1
51,1,754.1842041015625,211.38333129882812,57.265380859375,140.97564697265625,1,-1,-1,-1
51,2,32.64558410644531,174.69842529296875,92.98356628417969,138.829833984375,1,-1,-1,-1
61,9,130.349853515625,343.6876220703125,136.74884033203125,171.277587890625,1,-1,-1,-1
61,5,277.05462646484375,325.1737365722656,132.89898681640625,159.1453857421875,1,-1,-1,-1
61,7,498.96466064453125,240.28799438476562,58.605224609375,153.99212646484375,1,-1,-1,-1
61,1,689.3870849609375,217.11412048339844,78.4580078125,150.42543029785156,1,-1,-1,-1
61,6,726.150390625,317.32080078125,74.670654296875,155.4736328125,1,-1,-1,-1
71,9,129.893798828125,344.58209228515625,126.224365234375,171.95721435546875,1,-1,-1,-1
71,1,668.1677856445312,233.5238037109375,79.6246337890625,153.1563720703125,1,-1,-1,-1
71,7,401.4955139160156,220.322265625,48.76629638671875,148.98187255859375,1,-1,-1,-1
71,6,726.309326171875,310.02227783203125,92.462646484375,161.0640869140625,1,-1,-1,-1
71,5,280.86358642578125,317.83148193359375,106.5897216796875,152.90625,1,-1,-1,-1
81,9,147.11892700195312,340.8870849609375,119.09182739257812,171.72357177734375,1,-1,-1,-1
81,1,666.9041748046875,265.5423583984375,106.37255859375,143.97247314453125,1,-1,-1,-1
81,5,272.5484924316406,308.96356201171875,120.8221435546875,153.83740234375,1,-1,-1,-1
81,6,761.3663940429688,301.5416259765625,99.6011962890625,153.0606689453125,1,-1,-1,-1
81,7,352.2928466796875,206.69845581054688,53.218505859375,131.4615478515625,1,-1,-1,-1
91,5,330.6630554199219,278.41851806640625,94.67608642578125,157.90118408203125,1,-1,-1,-1
91,9,252.55194091796875,334.25604248046875,80.36578369140625,172.7684326171875,1,-1,-1,-1
91,6,786.3486938476562,221.1910400390625,94.4661865234375,188.390380859375,1,-1,-1,-1
91,1,738.3851928710938,210.67025756835938,79.7635498046875,204.52618408203125,1,-1,-1,-1
91,7,343.3553771972656,203.69004821777344,49.18359375,143.33338928222656,1,-1,-1,-1
101,9,369.26654052734375,322.12237548828125,82.00775146484375,168.762451171875,1,-1,-1,-1
101,6,854.161376953125,209.95803833007812,51.307373046875,188.7313232421875,1,-1,-1,-1
101,5,431.8330383300781,280.99560546875,43.3697509765625,138.3216552734375,1,-1,-1,-1
101,1,802.5667724609375,181.5353546142578,76.4599609375,183.01390075683594,1,-1,-1,-1
101,7,368.6343688964844,191.94444274902344,47.1568603515625,137.46266174316406,1,-1,-1,-1
101,2,11.0,208.0,128.0,206.0,1,-1,-1,-1
111,7,368.2139892578125,197.9962158203125,96.47357177734375,132.87506103515625,1,-1,-1,-1
111,2,161.11087036132812,213.16732788085938,57.17755126953125,167.78814697265625,1,-1,-1,-1
111,6,914.8421630859375,265.0653076171875,46.51416015625,150.4306640625,1,-1,-1,-1
111,1,881.6036376953125,207.92608642578125,48.768798828125,204.04998779296875,1,-1,-1,-1
111,5,498.0,273.0,112.0,156.0,1,-1,-1,-1
111,9,496.0,308.0,81.0,145.0,1,-1,-1,-1
